2019 10 4 18 164.4 15.7 100800
2019 10 5 0 162.7 15 100600
2019 10 5 6 161.1 15.3 100400
2019 10 5 12 159.4 15.2 100400
2019 10 5 18 157.4 15.1 100000
2019 10 6 0 155.6 14.4 99200
2019 10 6 6 154.1 14.3 98500
2019 10 6 12 153 14.6 97000
2019 10 6 18 151.2 14.9 95500
2019 10 7 0 149.6 15.1 94000
2019 10 7 6 148.2 15.5 92500
2019 10 7 12 146.6 16.1 91500
2019 10 7 18 144.9 16.5 91500
2019 10 8 0 143.8 16.9 91500
2019 10 8 6 142.7 17.7 91500
2019 10 8 12 141.8 18.4 91500
2019 10 8 18 140.9 19.3 91500
2019 10 9 0 140.4 19.8 91500
2019 10 9 6 140 20.6 91500
2019 10 9 12 139.6 21.2 91500
2019 10 9 18 139.7 22 91500
2019 10 10 0 139.9 23.2 91500
2019 10 10 6 139.5 24.4 91500
2019 10 10 12 139 25.3 92000
2019 10 10 18 138.6 26.3 92500
2019 10 11 0 138.1 27.5 93500
2019 10 11 6 137.5 28.8 93500
2019 10 11 12 137.1 29.9 94500
2019 10 11 15 137 30.3 94500
2019 10 11 18 137.1 30.8 94500
2019 10 11 21 137.1 31.4 94500
2019 10 12 0 137.4 32 95000
2019 10 12 3 137.6 32.8 95000
2019 10 12 6 138.2 33.7 95000
2019 10 12 9 138.7 34.6 95500
2019 10 12 12 139.6 35.6 96500
2019 10 12 15 140.6 36.9 97000
2019 10 12 18 141.8 38.2 97500
2019 10 12 21 143.5 39.5 97500
2019 10 13 0 145.1 40.1 97500
2019 10 13 3 147 41 98000
2019 10 13 6 149.8 41.9 98400
2019 10 13 12 155.9 44 98800
2019 10 13 18 163.3 47 98400
2019 10 14 0 170.6 51.6 98000
2019 10 14 6 175.9 54.3 97000
2019 10 14 12 179.7 56.4 95600
2019 10 14 18 182 57.4 95400
